0 
0 Name: New Model.ldr
0 Author: 
0 !LEOCAD GROUP BEGIN Craft_Table
1 0 -120 -8 -270 1 0 0 0 1 0 0 0 1 4032a.dat
1 484 -120 -32 -260 -1 0 0 0 1 0 0 0 -1 3004px0.dat
1 484 -120 -32 -280 1 0 0 0 1 0 0 0 1 3004px0.dat
1 484 -120 -40 -270 -1 0 0 0 1 0 0 0 -1 3068bpx1.dat
0 STEP
0 !LEOCAD GROUP END
0 !LEOCAD GROUP BEGIN Pig
1 0 -30 -8 -280 1 0 0 0 1 0 0 0 1 4032a.dat
1 13 -30 -32 -290 1 0 0 0 1 0 0 0 1 4216.dat
1 13 -30 -32 -270 -1 0 0 0 1 0 0 0 -1 4216.dat
1 13 -40 -40 -280 0 0 1 0 1 0 -1 0 0 19727p02.dat
1 13 -20 -40 -280 0 0 1 0 1 0 -1 0 0 3023.dat
0 STEP
0 !LEOCAD GROUP END
0 !LEOCAD GROUP BEGIN Iron_Ore
1 7 80 -8 -280 1 0 0 0 1 0 0 0 1 3022.dat
1 7 70 -16 -270 1 0 0 0 1 0 0 0 1 3024.dat
1 7 90 -16 -290 1 0 0 0 1 0 0 0 1 3024.dat
1 68 70 -16 -290 1 0 0 0 1 0 0 0 1 6141.dat
1 68 90 -16 -270 1 0 0 0 1 0 0 0 1 6141.dat
1 7 90 -24 -270 0 0 1 0 1 0 -1 0 0 3024.dat
1 7 70 -24 -290 0 0 1 0 1 0 -1 0 0 3024.dat
1 68 70 -24 -270 0 0 1 0 1 0 -1 0 0 6141.dat
1 68 90 -24 -290 0 0 1 0 1 0 -1 0 0 6141.dat
1 7 80 -32 -280 1 0 0 0 1 0 0 0 1 87580.dat
0 STEP
0 !LEOCAD GROUP END
1 7 -10 -8 -20 1 0 0 0 1 0 0 0 1 3958.dat
1 6 40 -32 -70 0 0 -1 0 1 0 1 0 0 2357.dat
0 STEP
1 6 -20 -32 -70 1 0 0 0 1 0 0 0 1 2357.dat
1 4 -20 -16 -20 0 0 1 0 1 0 -1 0 0 3023.dat
1 14 -20 -24 -20 0 0 1 0 1 0 -1 0 0 3069a.dat
1 7 10 -32 -20 0 0 1 0 1 0 -1 0 0 26599.dat
1 7 10 -32 -50 -1 0 0 0 1 0 0 0 -1 3700.dat
1 7 10 -22 -40 0 0 -1 0 1 0 1 0 0 3673.dat
1 7 10 -32 10 1 0 0 0 1 0 0 0 1 3700.dat
1 7 10 -22 0 0 0 1 0 1 0 -1 0 0 3673.dat
1 6 10 -40 -20 1 0 0 0 1 0 0 0 1 87079.dat
0 STEP
0 !LEOCAD GROUP BEGIN Steve
1 7 -224 -39.3635 -288.0359 1 0 0 0 0.5 -0.866025 0 0.866025 0.5 18787.dat
1 18 -175.9014 -43.1751 -296.9109 0.984808 0.173648 0 -0.086824 0.492404 -0.866025 -0.150383 0.852869 0.5 64644.dat
1 10047 -169.1292 -23.9713 -263.6489 0.984808 0.173648 0 -0.086824 0.492404 -0.866025 -0.150383 0.852869 0.5 63326.dat
1 10322 -200 -72 -270 1 0 0 0 1 0 0 0 1 973.dat
1 85 -200 -40 -270 1 0 0 0 1 0 0 0 1 3815.dat
1 10322 -184.448 -63.12 -270 0.985435 0.170055 0 -0.170055 0.985435 0 0 0 1 3819.dat
1 10322 -215.552 -63.12 -270 0.985435 -0.170055 0 0.170055 0.985435 0 0 0 1 3818.dat
1 10078 -176.0765 -45.0431 -279.9414 0.962132 0.203526 -0.181328 -0.272344 0.689739 -0.670887 -0.011474 0.694865 0.719049 3820.dat
1 10078 -223.7102 -45.247 -280 0.985435 -0.120247 0.120247 0.170055 0.696808 -0.696808 0 0.707107 0.707107 3820.dat
1 85 -200 -28 -270 1 0 0 0 1 0 0 0 1 3817.dat
1 85 -200 -28 -270 1 0 0 0 1 0 0 0 1 3816.dat
1 308 -200 -104 -270 1 0 0 0 1 0 0 0 1 19729p02.dat
0 STEP
0 !LEOCAD GROUP END
1 6 40 -32 30 -1 0 0 0 1 0 0 0 -1 2357.dat
1 18 -20 -32 10 1 0 0 0 1 0 0 0 1 3005.dat
1 2 30 -40 -60 -1 0 0 0 1 0 0 0 -1 87580.dat
1 2 -10 -40 -60 -1 0 0 0 1 0 0 0 -1 87580.dat
0 STEP
1 6 -50 -32 -20 0 0 1 0 1 0 -1 0 0 3003.dat
1 18 -10 -32 50 0 0 1 0 1 0 -1 0 0 3002.dat
1 6 -70 -32 -60 1 0 0 0 1 0 0 0 1 3001.dat
0 STEP
1 1 -10 -8 100 1 0 0 0 1 0 0 0 1 3958.dat
1 2 -130 -8 -20 1 0 0 0 1 0 0 0 1 3958.dat
0 STEP
1 7 30 -32 60 -1 0 0 0 1 0 0 0 -1 3003.dat
0 STEP
1 2 -170 -16 20 -1 0 0 0 1 0 0 0 -1 87580.dat
1 18 -50 -16 60 1 0 0 0 1 0 0 0 1 3022.dat
1 2 -70 -16 20 1 0 0 0 1 0 0 0 1 3020.dat
0 STEP
1 2 -50 -40 -40 0 0 1 0 1 0 -1 0 0 3020.dat
1 2 -90 -40 -60 1 0 0 0 1 0 0 0 1 3022.dat
1 2 30 -40 20 1 0 0 0 1 0 0 0 1 3022.dat
1 8 30 -40 60 -1 0 0 0 1 0 0 0 -1 87580.dat
0 STEP
1 18 -10 -40 40 0 0 1 0 1 0 -1 0 0 3020.dat
1 18 -50 -24 40 0 0 1 0 1 0 -1 0 0 3020.dat
1 18 10 -16 100 -1 0 0 0 1 0 0 0 -1 3020.dat
0 STEP
1 115 40 -40 90 -1 0 0 0 1 0 0 0 -1 3062b.dat
1 115 20 -40 90 -1 0 0 0 1 0 0 0 -1 3062b.dat
1 115 40 -40 110 -1 0 0 0 1 0 0 0 -1 3062b.dat
1 115 40 -65 90 -1 0 0 0 1 0 0 0 -1 3062b.dat
0 STEP
1 2 -170 -40 20 -1 0 0 0 1 0 0 0 -1 4727.dat
1 4 -170 -48 20 -1 0 0 0 1 0 0 0 -1 24866.dat
0 STEP
1 6 30 -64 -20 0 0 1 0 1 0 -1 0 0 3003.dat
1 6 10 -64 -60 1 0 0 0 1 0 0 0 1 3001.dat
1 2 30 -72 -40 0 0 1 0 1 0 -1 0 0 3020.dat
1 2 -10 -72 -60 0 0 1 0 1 0 -1 0 0 87580.dat
